steps	episodes	elapsed	mean	median	stdev	max	min	average_value	average_entropy	average_value_loss	average_policy_loss	n_updates	explained_variance
1036	43	1.2572412490844727	19.6	16.0	11.730302638892145	50.0	9.0	0.2440171	0.68861306	9.097921204566955	-0.0062277732603251935	160	-0.011518510429670448
2045	93	2.1065165996551514	27.1	22.5	10.94887107321014	49.0	15.0	5.4200573	0.68723035	9.097921204566955	-0.0062277732603251935	160	-0.011518510429670448
3034	143	3.0650293827056885	18.5	18.0	5.622375931144333	30.0	9.0	6.067655	0.6705921	2.452925887107849	-0.007357824863865972	320	-0.5323989377710001
4011	190	3.9904329776763916	22.9	21.0	8.761658899242008	42.0	12.0	6.654018	0.67525035	1.818674038052559	-0.04126351540908217	480	0.5320518876708223
5007	218	5.015320062637329	45.7	35.5	27.51585401586188	119.0	25.0	7.1955633	0.6647426	2.348885282278061	-0.03321882260963321	640	0.48295311282577735
6087	234	6.075632572174072	65.8	58.5	39.36100721385174	139.0	20.0	7.816917	0.6458716	2.044850457906723	-0.023213317738845943	800	0.3542395059705279
7015	247	7.229055643081665	79.2	71.0	53.45984993951588	186.0	17.0	8.586944	0.6162293	1.7666585570573807	-0.011440425869077444	960	0.2883980235318966
8067	254	8.368269205093384	109.4	120.5	47.553945974837646	170.0	23.0	9.161303	0.61770445	1.6874623662233352	-0.016877724672667682	1120	0.2968704915464333
9127	261	9.57613205909729	138.7	156.0	52.05990139573195	200.0	42.0	9.437164	0.58959025	0.949917573928833	-0.005121386693790555	1280	0.21449147953599723
10123	267	10.972278356552124	128.5	147.0	75.3882543164974	200.0	24.0	9.523175	0.601542	0.7747733695805072	-0.007483911374583841	1440	0.3637777105647424
11048	273	12.336344480514526	180.6	197.0	41.33655901391783	200.0	67.0	9.322476	0.5882557	1.118600043952465	-0.0021847622096538544	1600	0.23755016291588582
12039	278	13.699488162994385	172.4	190.5	41.48681182683909	200.0	75.0	9.486639	0.5836821	1.1527333170175553	-0.00480172872543335	1760	0.33769454766244666
13138	285	14.911857604980469	142.9	184.5	74.28989762335716	200.0	17.0	9.136444	0.5837005	0.947201243788004	-0.0001865242701023817	1920	0.21359338869741085
14100	290	16.206921577453613	194.6	200.0	17.07629936490925	200.0	146.0	9.491855	0.5905941	0.8278214646875859	-0.010830800142139196	2080	0.2720748107129156
15171	296	17.55169129371643	156.4	186.5	68.55849084297776	200.0	29.0	9.2399435	0.583776	1.1355728481709957	-0.005746610499918461	2240	0.24411423493705153
16067	301	19.051549196243286	161.6	171.0	39.305639968499854	200.0	71.0	9.0660095	0.57788	0.7009778303653001	-0.0031398064363747837	2400	0.4441263873152863
17134	307	20.350829124450684	156.5	165.0	49.23695540727288	197.0	23.0	9.31326	0.5864555	0.5711574894189835	-0.0023012017272412777	2560	0.6466824290576232
18078	313	21.580837965011597	159.8	172.0	44.91918669492284	200.0	42.0	9.332348	0.5714304	0.7747341934591532	-0.001963430535979569	2720	0.5520726303007014
19046	318	22.941442251205444	179.7	200.0	53.329270678597425	200.0	31.0	9.423098	0.57706463	0.5855188626796007	-0.013778077056631446	2880	0.6156902372191264
20020	323	24.26621389389038	165.1	179.0	39.48121916388432	200.0	84.0	9.513073	0.58075744	0.7627167285978794	-0.0033502160757780076	3040	0.5181722636159334
21089	329	25.814553022384644	200.0	200.0	0.0	200.0	200.0	9.679531	0.5809586	0.7171761667728425	-0.0030438193399459123	3200	0.50522561445641
22023	334	27.1101176738739	190.5	200.0	29.34564135722146	200.0	107.0	9.659515	0.5952316	1.0443311193585396	-0.0036808535270392894	3360	0.3469448808845129
23130	341	28.53048324584961	161.6	200.0	60.964835037184436	200.0	33.0	9.253364	0.59928846	1.3293522711098194	-0.001799007896333933	3520	-0.11423460892021287
24130	346	29.77476668357849	149.0	198.0	67.79708286087569	200.0	49.0	9.295185	0.5868308	1.053121355548501	-0.0061381424451246855	3680	0.1582279168468098
25066	351	30.955583572387695	155.6	179.5	65.52217605937363	200.0	23.0	8.948621	0.5838374	0.6641597595438361	-0.0038574549555778505	3840	0.3399404292496314
26108	357	32.21975636482239	172.1	200.0	41.653197823083026	200.0	95.0	9.273261	0.57965195	0.8382244524359703	-0.00627788090147078	4000	0.4998417281516264
27007	362	33.45108985900879	144.7	173.0	66.88638791928362	200.0	16.0	9.504841	0.59423256	1.1443682485818862	-0.006452475059777498	4160	0.27060149027360647
28071	369	34.79300808906555	200.0	200.0	0.0	200.0	200.0	9.370021	0.5935171	1.0649864303320646	-0.006602163044735789	4320	0.0982880754655222
29014	375	36.087602853775024	192.3	200.0	24.34953798329652	200.0	123.0	8.594257	0.5794098	1.1671660241484643	-0.007112062913365662	4480	0.3190199656220256
30014	380	37.333640813827515	176.1	200.0	36.658938579530336	200.0	101.0	9.270743	0.59893763	1.0539536290615796	0.00022592405322939158	4640	-0.05760544627754616
31150	386	38.77674889564514	196.3	200.0	7.803845206050668	200.0	181.0	9.248877	0.59778345	0.8587722088396549	-0.007618603846058249	4800	0.2581764732525005
32027	391	40.16246056556702	185.0	186.5	13.695092389449425	200.0	159.0	9.245356	0.5890455	1.101253404468298	-0.0064132044836878776	4960	0.19841899283374542
33068	397	41.56364989280701	190.0	200.0	17.682382946499793	200.0	151.0	9.114681	0.5617579	0.5552241001278162	-0.010769567512907087	5120	0.5485516294170283
34114	403	42.891751527786255	188.7	200.0	31.127158559688674	200.0	101.0	9.625432	0.57407403	1.0991700948774814	-0.007223784681409598	5280	0.2849229519855153
35114	408	44.33282446861267	192.3	199.0	10.360716405946283	200.0	172.0	9.430612	0.5875334	0.9419802333414554	-0.0005951160099357366	5440	0.2545469810577582
36147	414	45.75818657875061	200.0	200.0	0.0	200.0	200.0	9.239543	0.5740046	1.0203657288104295	-0.004365987088531256	5600	0.033620370241759234
37147	419	47.12744450569153	195.3	200.0	14.862705002791381	200.0	153.0	9.555366	0.59165794	0.9145761980116367	0.0033596169482916593	5760	0.3115558650603657
38130	424	48.42532825469971	197.5	200.0	7.230337321161287	200.0	177.0	9.406883	0.57772964	0.5272270464524627	-0.007439426528289914	5920	0.6102170709400543
39130	429	49.96466422080994	191.2	200.0	16.260381299342278	200.0	148.0	9.722013	0.59109133	0.7366348014771938	-0.005576417092233896	6080	0.3254396708725129
40130	434	51.28688859939575	200.0	200.0	0.0	200.0	200.0	9.742463	0.5874639	0.9781134076416492	-0.004776701200753451	6240	0.30157814341190814
41129	439	52.59733724594116	200.0	200.0	0.0	200.0	200.0	9.411077	0.57195914	0.7382163600623608	-0.0023990857740864156	6400	0.31485119675134843
42129	444	54.1639347076416	197.9	200.0	6.640783086353597	200.0	179.0	9.577879	0.58977234	1.07336945772171	-0.0030060177482664585	6560	0.06194324701164666
43095	449	56.10890460014343	180.8	200.0	52.522587733490646	200.0	33.0	8.801942	0.5793268	0.6560353010892868	-0.00111658307723701	6720	0.12870970015509153
44085	454	57.569844484329224	169.9	192.0	50.10311589334761	200.0	45.0	9.179087	0.58338493	0.960163043141365	-0.00566438814625144	6880	0.15652866889966177
45186	460	59.18399930000305	198.3	200.0	3.591656999213594	200.0	191.0	9.232471	0.56952184	0.9540088768303394	0.0009579305630177259	7040	0.4629323136091291
46186	465	61.122262954711914	187.8	200.0	38.57978745405423	200.0	78.0	9.812216	0.56054294	0.9943976339697838	-0.00380320624448359	7200	0.2732965066046953
47144	470	62.59863352775574	198.9	200.0	3.4785054261852175	200.0	189.0	9.263223	0.566135	0.6653389604389668	-0.002955188751220703	7360	0.5003938185048975
48144	475	64.48089694976807	197.3	200.0	6.864562784491247	200.0	178.0	9.434211	0.5822664	0.6672247054427862	-0.0041214130306616425	7520	0.41692731152014506
49185	481	66.13928699493408	185.9	191.0	17.00620801681289	200.0	151.0	9.622326	0.5730508	1.1643953467160464	-0.0006164288427680731	7680	0.20569018103186365
50165	486	66.95297741889954	172.0	192.0	52.89402402708436	200.0	28.0	8.900837	0.5818032	1.1643953467160464	-0.0006164288427680731	7680	0.20569018103186365
51156	491	68.16912698745728	195.0	200.0	13.792107243718133	200.0	156.0	9.211129	0.5916501	0.6856598147004843	0.00040330296382308007	7840	0.4425806093704925
52156	496	69.45900917053223	196.8	200.0	6.696599468718765	200.0	181.0	9.522038	0.57750654	0.5526876875758171	-0.0014101769123226404	8000	0.6115326861712935
53088	501	70.66893815994263	190.8	200.0	17.11269833908272	200.0	149.0	9.852887	0.5839167	0.6545000745356083	-0.005253058522939682	8160	0.4735353622836257
54079	506	72.17943668365479	176.7	200.0	43.16389952520766	200.0	72.0	9.409431	0.5978792	1.0699497307091952	-0.0033239113818854093	8320	0.13064066812294917
55079	511	73.79264855384827	198.3	200.0	5.375872022286245	200.0	183.0	9.271118	0.5649594	0.8202525351941585	-0.004356524022296071	8480	0.34971297167081816
56066	516	75.37779426574707	198.0	200.0	6.324555320336759	200.0	180.0	9.299364	0.58224857	0.8199184614419938	-0.0044853905448690055	8640	0.4733787571902066
57122	522	76.93621253967285	173.4	200.0	49.89811842366626	200.0	78.0	9.74083	0.58419776	0.8823532409220934	-0.007308569885790348	8800	0.31661649707173356
58122	527	78.46108818054199	198.4	200.0	3.6575644598253874	200.0	189.0	9.420021	0.6006119	1.1153420320153236	-0.005772231174632907	8960	0.231790098926689
59049	532	79.68320083618164	197.7	200.0	4.372896319628699	200.0	186.0	8.835899	0.5602356	0.6021248646453023	-0.0065471716457977894	9120	0.5365301573905069
60150	538	80.96892142295837	200.0	200.0	0.0	200.0	200.0	9.151906	0.56919956	0.6184481309354305	-0.00712482382543385	9280	0.4476062673132277
61148	543	82.18021154403687	190.0	193.0	9.153020145163987	200.0	176.0	9.456884	0.5927271	0.7104082480818034	-0.00027584777679294346	9440	0.5165306053428341
62007	548	83.3648841381073	191.3	200.0	24.761304937789976	200.0	121.0	9.470716	0.5837751	0.6540350563824177	-0.0016883952356874943	9600	0.5597635528777302
63184	554	84.70216155052185	186.1	200.0	43.95565947634047	200.0	61.0	9.711627	0.5809369	0.5497669129818678	-0.0045271752635017036	9760	0.6305530750241108
64025	559	85.84717559814453	185.8	200.0	44.90434277439099	200.0	58.0	9.668781	0.56505597	1.047015750259161	-0.0035055507440119984	9920	0.19952081480121253
65017	564	87.08050346374512	199.8	200.0	0.6324555320336759	200.0	198.0	9.253813	0.58450097	0.8370512145757675	-0.007507795738056302	10080	0.2175335346479541
66182	570	88.38577008247375	200.0	200.0	0.0	200.0	200.0	9.148747	0.576295	0.801876078993082	-0.0034396263677626848	10240	0.4408176068672989
67175	575	89.6205222606659	200.0	200.0	0.0	200.0	200.0	8.720914	0.58203965	0.6090277995914221	0.001394607750698924	10400	-0.3802299051564435
68175	580	90.88330101966858	192.5	200.0	13.591255358583409	200.0	160.0	9.649888	0.57212204	1.287799336463213	-0.006985710430890322	10560	0.19030611247091256
69175	585	92.13877487182617	200.0	200.0	0.0	200.0	200.0	9.528131	0.5873091	0.6747767708450556	-0.0023212271183729173	10720	0.307001854362138
70175	590	93.36601758003235	197.1	200.0	6.045200116161949	200.0	181.0	9.301842	0.5621836	0.9652255707979203	0.0015514282137155534	10880	0.331713682694718
71166	595	94.53869605064392	177.2	195.5	49.05507109361886	200.0	41.0	8.765066	0.55579233	0.5530849159508944	-0.006599263483658433	11040	0.27421966918614327
72133	600	95.75134754180908	195.0	200.0	8.069145624606803	200.0	182.0	9.151191	0.5681827	0.41217902332544326	0.0015072807390242816	11200	0.6737465165256611
73121	605	97.01938247680664	196.1	200.0	8.774331250237188	200.0	174.0	9.282047	0.57777727	0.2705816323682666	-0.0069474677927792074	11360	0.7772222285485803
74121	610	98.31093907356262	199.1	200.0	2.8460498941515415	200.0	191.0	9.763098	0.5804088	0.8958924955129624	-0.004470002055168152	11520	0.4145079080820214
75100	615	99.55868649482727	188.4	189.5	10.57460269807912	200.0	170.0	9.615627	0.55270547	0.9312203028798103	-0.011346065243706106	11680	0.31201193540703476
76027	620	100.83848881721497	189.1	193.5	13.144073442683842	200.0	162.0	9.025968	0.56188226	0.2907059931382537	0.0013391698012128472	11840	0.6889732744841937
77003	625	102.06719374656677	199.7	200.0	0.9486832980505138	200.0	197.0	9.366378	0.57411844	0.10153353864327073	-0.005497759049758315	12000	0.8340332222675826
78003	630	103.29504680633545	196.0	200.0	12.649110640673518	200.0	160.0	9.818486	0.5740508	0.8369874070584774	0.0015848486311733723	12160	0.29092467246646825
79199	636	104.65546989440918	200.0	200.0	0.0	200.0	200.0	9.444855	0.5740339	0.5489916735142469	-0.0004056775011122227	12320	0.6242397285608189
80199	641	105.91394567489624	200.0	200.0	0.0	200.0	200.0	9.845756	0.57196766	1.0661467705667018	-0.0035465970542281865	12480	0.07989174807391364
81199	646	107.15629768371582	200.0	200.0	0.0	200.0	200.0	9.658831	0.5574485	1.1766092945635318	-0.0009381926432251931	12640	0.12121535664012406
82182	651	108.418301820755	197.1	200.0	6.4713041790490555	200.0	181.0	9.272113	0.5498031	0.9098103293403983	-0.003565855659544468	12800	0.15957569895783763
83182	656	109.65612983703613	199.6	200.0	1.2649110640673518	200.0	196.0	9.442316	0.5540706	0.753086165562272	-0.0008370101824402809	12960	0.3491304411193128
84182	661	110.90839910507202	200.0	200.0	0.0	200.0	200.0	9.090589	0.50735503	0.9368775872886181	-0.005379993943497538	13120	0.1897809050770246
85158	666	112.1387107372284	200.0	200.0	0.0	200.0	200.0	8.343333	0.5349602	0.4932420562952757	-0.012233577631413937	13280	0.33406713606451854
86158	671	113.40711236000061	200.0	200.0	0.0	200.0	200.0	9.7058325	0.5598904	0.9330459455400706	-0.001599322846159339	13440	0.10939956337605106
87158	676	114.69069838523865	200.0	200.0	0.0	200.0	200.0	9.146773	0.5358778	0.7713426944613456	-0.0035448513086885213	13600	0.37620086102302663
88158	681	115.95228719711304	200.0	200.0	0.0	200.0	200.0	9.468836	0.5610108	0.9424652789533138	-0.0032777136377990248	13760	0.23994736366153058
89158	686	117.17652797698975	200.0	200.0	0.0	200.0	200.0	9.630108	0.5532655	0.9241850974410772	-0.0038385121384635567	13920	0.3618852085859958
90158	691	118.40427613258362	200.0	200.0	0.0	200.0	200.0	9.430932	0.54466385	0.8538890017569065	-0.0020688359066843988	14080	0.38475296107900137
91158	696	119.63642072677612	200.0	200.0	0.0	200.0	200.0	9.686459	0.54003865	1.0647877816855909	-0.006377576012164354	14240	0.14522654788627165
92158	701	120.53706574440002	200.0	200.0	0.0	200.0	200.0	9.597716	0.5538346	1.0647877816855909	-0.006377576012164354	14240	0.14522654788627165
93158	706	121.87607002258301	200.0	200.0	0.0	200.0	200.0	9.470392	0.57348996	1.0408491741120816	-0.0009675878286361695	14400	0.21044745649984287
94158	711	123.13874435424805	200.0	200.0	0.0	200.0	200.0	9.943705	0.56335634	0.9483540960401297	-0.0060902638919651505	14560	0.2917797383750893
95158	716	124.44785761833191	200.0	200.0	0.0	200.0	200.0	9.2543	0.5704955	1.10688237413764	0.001546313362196088	14720	0.16151127404989274
96158	721	125.70391416549683	199.1	200.0	2.8460498941515415	200.0	191.0	9.5782175	0.5682202	0.8806935641169548	-0.0060607361420989036	14880	0.31239808366079413
97140	726	126.89831495285034	187.7	197.0	18.59539967004982	200.0	150.0	8.584512	0.5557547	0.9907284829020501	-0.0015947902016341686	15040	0.2804773108210653
98064	731	128.06882882118225	187.8	199.0	19.555050498528505	200.0	140.0	8.46189	0.5482854	0.5676983138173819	0.0014590437151491642	15200	0.43660457369592964
99144	737	129.24717116355896	159.5	156.5	19.149992747315135	200.0	133.0	9.0571575	0.5488552	0.26905788108706474	0.0016363646648824214	15360	0.693998257495567
100000	743	130.29794239997864	146.6	151.0	23.119015742217247	181.0	111.0	9.281952	0.55180377	0.2748226525261998	-0.007290393956936896	15520	0.8277068459734329
